batch
5 15
-1 -1 -1 -1 -1 -1 -1 -1 729 603 586 528 -1 696 -1 
-1 -1 -1 -1 -1 -1 -1 477 213 350 609 -1 644 -1 -1 
737 287 -1 -1 -1 -1 805 -1 -1 -1 -1 -1 -1 -1 633 
-1 -1 143 334 234 197 -1 -1 -1 -1 -1 -1 -1 -1 -1 
-1 -1 143 334 234 197 -1 -1 -1 -1 -1 -1 -1 -1 -1 
-1 -1 -1 -1 -1 -1 -1 -1 2400 1620 4020 1860 -1 4500 -1 
-1 -1 -1 -1 -1 -1 -1 1620 2580 1440 3480 -1 2880 -1 -1 
3840 2820 -1 -1 -1 -1 4140 -1 -1 -1 -1 -1 -1 -1 4680 
-1 -1 3300 3540 3600 2700 -1 -1 -1 -1 -1 -1 -1 -1 -1 
-1 -1 780 1260 720 420 -1 -1 -1 -1 -1 -1 -1 -1 -1 
-1 -1 -1 -1 -1 -1 -1 -1 3 1 2 1 -1 2 -1 
-1 -1 -1 -1 -1 -1 -1 1 3 1 2 -1 2 -1 -1 
3 1 -1 -1 -1 -1 2 -1 -1 -1 -1 -1 -1 -1 2 
-1 -1 2 2 2 1 -1 -1 -1 -1 -1 -1 -1 -1 -1 
-1 -1 1 2 1 1 -1 -1 -1 -1 -1 -1 -1 -1 -1 
0.14091321661628342
0.49335195899533435
0.5797498899237751
0.16997172192821697
0.12257767732945779
0
0
0
0
0
21
290
164
0
88
0
88
0
13
0
exit